beta_lin: [-0.67452321 -0.50099923  0.98830297]
beta_min: [-0.68810521 -0.51458122  0.97810742]
beta_max: [-0.66094122 -0.48741723  0.99849852]
