beta_ridge: [-0.59163479 -0.41084659  0.89635949]
beta_min: [-0.64706493 -0.46627673  0.85765752]
beta_max: [-0.53620465 -0.35541645  0.93506145]
