beta_ridge: [-0.65547569 -0.48566546  0.96427566]
beta_min: [-0.68409738 -0.51428715  0.94330826]
beta_max: [-0.626854   -0.45704376  0.98524305]
