beta_lin: [-0.39968018  0.88691173 -0.71479426  0.04790984 -0.98776649  1.14775021]
beta_min: [-0.45232516  0.83985291 -0.77291415 -0.00473513 -1.04588639  1.12856965]
beta_max: [-0.34703521  0.93397056 -0.65667436  0.10055482 -0.9296466   1.16693077]
