beta_ridge: [-3.07480803  0.2652977   1.51601682 -0.78060814  0.20118274  0.65347527]
beta_min: [-3.69359548 -0.17298282  1.06253545 -1.39939559 -0.25229863  0.56606079]
beta_max: [-2.45602058  0.70357822  1.96949819 -0.16182069  0.65466411  0.74088975]
