beta_ridge: [-0.67189353 -0.50622762  0.98995975]
beta_min: [-0.68547552 -0.51980961  0.97976421]
beta_max: [-0.65831154 -0.49264563  1.00015529]
