beta_lin: [-0.67189409 -0.5062281   0.98996029]
beta_min: [-0.68547608 -0.51981009  0.97976475]
beta_max: [-0.65831209 -0.4926461   1.00015584]
