beta_lin: [-3.09125623  0.26482285  1.5273353  -0.78421477  0.20374295  0.65262292]
beta_min: [-4.33859259 -0.61717715  0.61325215 -2.03155114 -0.7103402   0.47670754]
beta_max: [-1.84391987  1.14682285  2.44141844  0.46312159  1.1178261   0.8285383 ]
