beta_lin: [-0.38874972  0.88266559 -0.72829506  0.09749807 -1.03923446  1.16567132]
beta_min: [-0.3992686   0.87325744 -0.74008875  0.08697918 -1.05102815  1.16170671]
beta_max: [-0.37823083  0.89207374 -0.71650137  0.10801695 -1.02744077  1.16963592]
