beta_ridge: [-0.4451228  -0.23071967  0.76666626]
beta_min: [-0.56454666 -0.35014353  0.70165983]
beta_max: [-0.32569895 -0.11129582  0.83167269]
