beta_ridge: [-0.67592229 -0.5025589   0.99472769]
beta_min: [-0.67843388 -0.50507049  0.99281601]
beta_max: [-0.67341071 -0.50004732  0.99663937]
