beta_lin: [-0.67804527 -0.50309723  0.9974746 ]
beta_min: [-0.67872423 -0.5037762   0.99695648]
beta_max: [-0.6773663  -0.50241827  0.99799273]
