beta_lin: [-1.02277204  0.96431848 -0.10509533 -0.14462418 -0.71463801  0.9515572 ]
beta_min: [-1.29250816  0.72674272 -0.37899253 -0.4143603  -0.98853521  0.8698263 ]
beta_max: [-0.75303592  1.20189424  0.16880187  0.12511194 -0.44074081  1.03328809]
