beta_lin: [-0.67403988 -0.50698204  0.9971772 ]
beta_min: [-0.68082986 -0.51377202  0.99203573]
beta_max: [-0.6672499  -0.50019206  1.00231868]
