beta_ridge: [-1.02261791  0.96409434 -0.10512672 -0.14474017 -0.71441891  0.95150629]
beta_min: [-1.24168854  0.77113044 -0.32757313 -0.3638108  -0.93686531  0.88512587]
beta_max: [-0.80354728  1.15705823  0.11731968  0.07433046 -0.4919725   1.01788672]
