beta_lin: [-0.56710838  0.86275242 -0.53954349  0.02779835 -0.91584087  1.0855996 ]
beta_min: [-0.69304283  0.75049788 -0.67478446 -0.09813611 -1.05108183  1.04242101]
beta_max: [-0.44117393  0.97500697 -0.40430253  0.1537328  -0.7805999   1.12877819]
