beta_lin: [-0.50243872  0.76545921 -0.53001749  0.03522476 -0.88782645  1.06996148]
beta_min: [-0.62837318  0.65320467 -0.66525846 -0.09070969 -1.02306741  1.02678289]
beta_max: [-0.37650427  0.87771376 -0.39477652  0.16115922 -0.75258548  1.11314007]
