beta_ridge: [-0.42393259  0.88730061 -0.69356026  0.08076923 -1.02615719  1.15909834]
beta_min: [-0.44837804  0.8654392  -0.72081119  0.05632378 -1.05340811  1.1500002 ]
beta_max: [-0.39948715  0.90916202 -0.66630934  0.10521468 -0.99890626  1.16819647]
