beta_lin: [-0.66881223 -0.47853177  0.96741606]
beta_min: [-0.70118056 -0.5109001   0.94370398]
beta_max: [-0.63644389 -0.44616343  0.99112814]
