beta_lin: [-0.59164685 -0.41085646  0.89637025]
beta_min: [-0.65988529 -0.4790949   0.84872535]
beta_max: [-0.52340841 -0.34261802  0.94401515]
