beta_lin: [-0.42393178  0.88730352 -0.69356266  0.08077154 -1.02616111  1.15909974]
beta_min: [-0.45023452  0.86378117 -0.72288403  0.05446881 -1.05548248  1.14931035]
beta_max: [-0.39762905  0.91082588 -0.66424129  0.10707428 -0.99683974  1.16888912]
