beta_ridge: [-0.67804527 -0.50309723  0.9974746 ]
beta_min: [-0.67867355 -0.50372551  0.99699516]
beta_max: [-0.67741699 -0.50246895  0.99795405]
