beta_ridge: [-0.38874987  0.88266512 -0.72829465  0.09749769 -1.03923381  1.16567108]
beta_min: [-0.39847751  0.87396466 -0.7392012   0.08777005 -1.05014036  1.1620047 ]
beta_max: [-0.37902223  0.89136557 -0.7173881   0.10722532 -1.02832726  1.16933746]
