beta_ridge: [-0.67403974 -0.50698192  0.99717706]
beta_min: [-0.68035027 -0.51329245  0.99239863]
beta_max: [-0.6677292  -0.50067138  1.0019555 ]
