beta_ridge: [-0.67452266 -0.50099875  0.98830243]
beta_min: [-0.68682533 -0.51330142  0.97906723]
beta_max: [-0.66221999 -0.48869608  0.99753763]
