beta_lin: [-0.65547873 -0.48566803  0.96427855]
beta_min: [-0.68784706 -0.51803637  0.94056647]
beta_max: [-0.6231104  -0.4532997   0.98799063]
