beta_lin: [-0.36997648  0.88978489 -0.75288632  0.10846285 -1.05589918  1.17602122]
beta_min: [-0.3726061   0.88743289 -0.75584306  0.10583323 -1.05885592  1.17502389]
beta_max: [-0.36734686  0.8921369  -0.74992958  0.11109248 -1.05294244  1.17701856]
