beta_ridge: [-0.57109757  0.99764802 -0.5127929   0.05321882 -0.99010466  1.06340587]
beta_min: [-0.80198182  0.79427833 -0.74723497 -0.17766543 -1.22454673  0.9934458 ]
beta_max: [-0.34021331  1.2010177  -0.27835083  0.28410307 -0.75566259  1.13336593]
