beta_lin: [-0.67592231 -0.50255892  0.99472771]
beta_min: [-0.67863819 -0.5052748   0.99266054]
beta_max: [-0.67320644 -0.49984304  0.99679489]
