beta_ridge: [-0.66880915 -0.4785292   0.96741316]
beta_min: [-0.69817049 -0.50789055  0.94590391]
beta_max: [-0.6394478  -0.44916786  0.9889224 ]
