beta_ridge: [-0.39968365  0.88690022 -0.71478461  0.04790122 -0.98775165  1.14774484]
beta_min: [-0.45232825  0.83984161 -0.77290403 -0.00474338 -1.04587108  1.12856442]
beta_max: [-0.34703906  0.93395884 -0.65666518  0.10054581 -0.92963223  1.16692526]
