beta_lin: [-0.57785112 -0.49328392  0.92354207]
beta_min: [-0.64608956 -0.56152236  0.87589718]
beta_max: [-0.50961268 -0.42504547  0.97118697]
