beta_ridge: [-0.43890724  0.8526544  -0.66219419  0.11800958 -1.0344485   1.14270783]
beta_min: [-0.48659311  0.81002835 -0.7148392   0.07032371 -1.08709351  1.12533406]
beta_max: [-0.39122137  0.89528044 -0.60954917  0.16569545 -0.98180349  1.1600816 ]
