beta_ridge: [-0.36997649  0.88978486 -0.75288629  0.10846283 -1.05589914  1.17602121]
beta_min: [-0.37240981  0.88760844 -0.75562231  0.10602951 -1.05863516  1.17509832]
beta_max: [-0.36754317  0.89196129 -0.75015027  0.11089615 -1.05316312  1.17694409]
