beta_lin: [-0.43890443  0.85266568 -0.66220306  0.11801903 -1.03446406  1.14271317]
beta_min: [-0.4915494   0.80560686 -0.72032295  0.06537406 -1.09258396  1.12353261]
beta_max: [-0.38625946  0.89972451 -0.60408316  0.17066401 -0.97634417  1.16189373]
