beta_ridge: [-0.50244516  0.76540401 -0.52998223  0.03518206 -0.88775568  1.0699385 ]
beta_min: [-0.61336811  0.66652882 -0.6491018  -0.07574088 -1.00687525  1.03190677]
beta_max: [-0.39152222  0.86427919 -0.41086266  0.14610501 -0.76863611  1.10797023]
