beta_ridge: [-0.56711262  0.86269332 -0.53950843  0.02775476 -0.9157673   1.08557585]
beta_min: [-0.68134352  0.76086946 -0.66218041 -0.08647615 -1.03843928  1.04640994]
beta_max: [-0.45288171  0.96451718 -0.41683646  0.14198566 -0.79309533  1.12474177]
