beta_lin: [-0.57109415  0.9979256  -0.5129329   0.05342184 -0.99043009  1.06350133]
beta_min: [-0.84083028  0.76034984 -0.7868301  -0.21631429 -1.26432728  0.98177043]
beta_max: [-0.30135803  1.23550135 -0.2390357   0.32315796 -0.71653289  1.14523222]
