beta_lin: [-0.44522791 -0.23079261  0.76673412]
beta_min: [-0.6852779  -0.47084261  0.63606746]
beta_max: [-0.20517791  0.00925738  0.89740079]
