beta_ridge: [-0.57783908 -0.4932729   0.92353077]
beta_min: [-0.63625835 -0.55169217  0.88274177]
beta_max: [-0.5194198  -0.43485363  0.96431978]
