beta_ridge: [-1.71378403e-01 -1.72757012e-01  1.16715663e+03]
beta_min: [-2.39555071e-01 -3.09034664e-01  9.79664576e+02]
beta_max: [-1.03201735e-01 -3.64793594e-02  1.35464869e+03]
