beta_lin: [-1.71378403e-01 -1.72757012e-01  1.16715663e+03]
beta_min: [-1.71378477e-01 -1.72757160e-01  1.16715643e+03]
beta_max: [-1.71378329e-01 -1.72756864e-01  1.16715684e+03]
