beta_ridge: [ -0.39125025   0.31013514 273.87007774]
beta_min: [ -0.39131559   0.31012854 273.86101875]
beta_max: [ -0.39118491   0.31014174 273.87913674]
