beta_ridge: [  0.32071163   0.27354173 237.69799822]
beta_min: [  0.32001973   0.27352713 237.67814242]
beta_max: [  0.32140354   0.27355632 237.71785403]
