beta_lin: [  0.32071158   0.27354173 237.69800066]
beta_min: [  0.32001967   0.27352713 237.67814486]
beta_max: [  0.32140348   0.27355632 237.71785647]
